0.58075 1.52838
0.476619 1.5124
1.05718 1.47269
1.2913 1.38528
0.079944 1.66361
0.154064 1.45496
0.405909 1.49857
0.515198 1.51621
0.566039 1.42188
0.393325 1.73521
0.19886 1.65181
0.869363 1.8494
0.183951 1.6575
0.74241 1.67424
0.800454 1.5301
0.518762 1.61318
0.805446 1.58809
0.587892 1.799
0.52313 1.56246
1.09673 1.92003
0.399145 1.78957
0.726652 1.55062
1.03093 1.71471
0.473452 1.61113
0.711812 1.73264
0.789 1.56135
0.588525 1.66854
0.572005 1.82163
1.09351 1.90069
0.3866 1.68536
0.644966 1.4764
0.769861 1.52625
0.3758 1.64427
0.709692 1.63692
0.515628 1.59057
0.793955 1.49063
0.0252732 1.80696
0.48067 1.75026
0.524421 1.55246
-0.0429711 1.87172
0.591714 1.69089
0.993085 1.59089
0.224907 1.6408
0.382951 1.42235
0.607194 1.50463
0.362602 1.68613
0.176024 1.52028
0.723267 1.85068
0.633142 1.67508
0.6401 1.51259
0.522596 1.50632
0.468541 1.46734
0.117004 1.55421
0.663003 1.51628
0.376831 1.45967
0.16963 1.51709
0.409867 1.50755
1.12048 1.57403
0.992665 1.56502
0.614421 1.42249
0.56566 1.56887
-0.197497 1.67874
0.946017 1.70112
0.872929 1.52474
0.622642 1.5086
-0.503723 1.6639
0.588309 1.52132
0.559365 1.62011
0.536207 1.43678
0.43932 1.52036
0.216911 1.55355
0.796561 1.66762
0.648908 1.61338
0.867623 1.49346
1.23598 1.76593
0.185096 1.79561
0.144838 1.63866
0.11187 1.64402
0.589735 1.41059
0.339758 1.77905
0.539231 1.50092
0.0977273 1.5062
1.04497 1.59599
0.938561 1.60324
0.751392 1.67582
0.719024 1.59139
0.742551 1.56076
0.484756 1.77435
0.503043 1.77427
0.833744 1.61426
1.18025 1.63728
0.4329 1.54697
0.71125 1.4694
1.09023 1.63835
0.609683 1.62917
0.171151 1.55331
0.832595 1.56467
0.646174 1.57497
1.08354 1.7752
0.0959691 1.59516
0.864367 1.80293
0.54122 1.59711
0.136551 1.78894
1.14562 1.60518
0.773563 1.57277
1.01115 1.37827
0.788796 1.68531
0.813229 1.64498
0.873555 1.54153
0.495275 1.58224
0.509901 1.50479
0.535055 1.62547
0.0487965 1.72105
0.766014 1.68643
-0.324962 1.38739
0.716453 1.68988
0.717796 1.78218
0.431458 1.58044
0.231379 1.802
0.893695 1.72936
0.517635 1.56538
0.0215516 1.51109
0.723834 1.40506
0.814286 1.51148
0.187734 1.65171
0.751246 1.48784
0.726999 1.70269
1.04394 1.5331
-0.102999 1.90889
-0.259376 1.79232
0.650036 1.69455
0.927819 1.7084
1.06818 1.56036
-0.0539665 1.56604
0.830689 1.52604
0.567224 1.53219
0.52959 1.63
0.579653 1.62058
1.15726 1.61234
0.924718 1.79009
0.421685 1.78254
0.790506 1.47671
0.753761 1.67695
1.14329 1.58202
0.774591 1.77494
0.0810543 1.64136
0.792421 1.56442
0.587824 1.56478
0.772165 1.67058
0.420235 1.84055
0.210287 1.57405
0.841985 1.71367
0.156617 1.55766
0.213685 1.42084
1.01043 1.62738
0.576366 1.77121
0.795879 1.85118
0.304327 1.53628
0.121848 1.57705
-0.0700428 1.76261
1.1212 1.61143
0.377319 1.65945
0.96978 1.52095
0.987686 1.55034
0.218696 1.68387
0.668772 1.55404
0.496687 1.64148
0.577481 1.75208
0.490451 1.57452
1.06345 1.75671
0.348542 1.63947
0.517481 1.63419
0.494969 1.59735
0.449878 1.48628
0.31919 1.58933
0.340033 1.57201
0.293873 1.56816
0.420758 1.65795
0.26768 1.71269
-0.305747 1.68545
0.433712 1.64814
-0.209715 1.63277
0.489494 1.6209
0.124916 1.49177
0.505947 1.36149
0.965638 1.4295
0.530592 1.65389
0.745362 1.56594
0.430619 1.58868
-0.180694 1.6024
0.911831 1.45075
0.48747 1.63747
1.00369 1.49089
0.449527 1.53897
0.597216 1.88764
0.517115 1.80854
1.35942 1.6074
0.105483 1.62271
-0.0567723 1.56562
0.605434 1.70522
0.463836 1.46129
0.480352 1.66938
0.731403 1.4885
0.455398 1.71018
0.560793 1.61603
1.02481 1.54483
0.920343 1.76557
0.645107 1.49504
0.498612 1.72442
1.15446 1.65942
0.290609 1.64385
0.735236 1.64064
0.775546 1.53683
0.882107 1.42874
0.736188 1.6115
0.443449 1.59966
0.749753 1.60238
1.06719 1.78924
0.761713 1.4502
0.742334 1.56307
0.936898 1.81014
1.25081 1.84681
0.591892 1.54588
1.2275 1.65795
1.07977 1.52
0.266563 1.62555
0.454317 1.72831
0.664775 1.60874
0.256039 1.59482
0.588447 1.67559
0.685558 1.67112
0.415303 1.56098
0.394396 1.62152
0.692917 1.37038
1.25655 1.61285
0.711032 1.78015
0.0282236 1.79645
1.31182 1.67465
0.799952 1.41278
0.49851 1.52252
0.704739 1.58795
0.454755 1.48395
0.679696 1.4996
0.938389 1.75281
0.253334 1.64277
0.873123 1.5411
0.44064 1.60023
-0.0343959 1.51754
-0.0905987 1.78606
0.486223 1.7352
1.05728 1.65865
0.46194 1.48191
0.505359 1.39893
0.48792 1.35057
0.80019 1.34391
0.709925 1.61538
0.401896 1.52506
0.288182 1.58834
0.349186 1.60855
0.178224 1.50001
0.602858 1.64978
0.676703 1.5247
1.15426 1.6086
1.37817 1.67551
-0.102909 1.58945
0.73422 1.62346
1.28258 1.47686
0.73252 1.61248
1.10707 1.42774
0.0901099 1.53926
1.08434 1.54565
1.38965 1.78407
0.845055 1.92136
0.709208 1.84092
0.723259 1.7284
0.409768 1.72039
0.274291 1.65926
0.862787 1.6413
0.650574 1.89503
0.345631 1.83363
1.07162 1.76532
0.836262 1.55105
0.880534 1.48015
0.417615 1.75193
0.548271 1.58488
0.47296 1.64124
0.283622 1.71348
0.946506 1.65847
0.695725 1.54184
0.146603 1.83564
0.708794 1.67239
0.938629 1.63034
0.913308 1.65652
0.0535817 1.52897
0.489052 1.48893
0.521365 1.48755
0.788844 1.6549
0.287795 1.53535
0.435793 1.74244
0.792793 1.51029
1.27567 1.55799
0.544879 1.65656
0.588016 1.74304
1.24328 1.63344
0.212838 1.50858
0.409368 1.55486
0.386796 1.76915
0.723417 1.5631
0.38481 1.5949
0.241411 1.77502
0.681484 1.66254
0.562741 1.47162
0.510683 1.78989
0.512679 1.78467
0.700418 1.57792
0.394788 1.55739
0.405453 1.19477
0.563506 1.7168
0.764853 1.46202
0.601306 1.6251
0.344123 1.48925
0.85363 1.42087
0.4405 1.50634
0.41832 1.71344
0.424439 1.75003
0.660363 1.5185
0.102009 1.74368
0.608564 1.45582
0.185003 1.7234
0.710933 1.64376
0.628762 1.47637
0.616978 1.70791
0.395922 1.78366
0.571897 1.72771
0.905956 1.47291
0.207685 1.52917
-0.041062 1.50501
0.588663 1.62572
0.472234 1.6495
0.520125 1.52256
0.86396 1.52307
0.225058 1.55262
0.408063 1.55867
0.193961 1.56752
0.296356 1.43084
0.165409 1.42371
0.348778 1.50976
1.13698 1.42746
0.134253 1.56824
0.534678 1.71225
0.755461 1.4503
0.0859461 1.71927
0.244817 1.48722
0.0781895 1.63059
0.459495 1.4488
0.552207 1.53915
0.920755 1.35684
1.07801 1.59072
0.706476 1.43843
0.594796 1.62698
1.01566 1.59889
0.839064 1.57632
1.03452 1.5856
0.394682 1.76082
0.41095 1.37251
0.895151 1.58443
0.766507 1.57879
0.860179 1.89488
1.04473 1.52738
1.03719 1.65737
0.320068 1.49665
0.746048 1.58078
0.775696 1.60645
-0.077889 1.507
0.427794 1.66511
0.759708 1.53799
0.816689 1.42624
0.298658 1.47187
0.454959 1.52417
0.874864 1.52815
0.932652 1.87462
0.187082 1.54783
0.589213 1.49442
1.33811 1.89877
0.465736 1.83181
0.169461 1.46572
0.738027 1.71452
0.388141 1.70819
0.802883 1.76699
0.625767 1.56358
0.220428 1.62582
0.974204 1.66612
0.323765 1.62397
0.339594 1.61343
0.541109 1.41383
0.497488 1.54956
0.719258 1.65273
0.504354 1.74011
0.322991 1.8957
0.851013 1.39501
0.830538 1.48816
0.369319 1.76712
0.229967 1.51029
0.880983 1.51617
0.284706 1.67653
1.11522 1.58931
0.742599 1.53794
1.11665 1.58716
0.963071 1.49529
0.705509 1.71408
0.165263 1.52613
0.653048 1.57596
0.237772 1.53607
0.587064 1.60736
0.864988 1.61984
1.03795 1.75604
0.259132 1.46126
1.10797 1.45355
1.03209 1.68513
0.37744 1.68634
0.697145 1.50132
0.966623 1.71493
0.191436 1.73913
0.84067 1.59356
0.556811 1.55861
0.656572 1.63948
0.707548 1.6303
0.00229442 1.86393
0.00347739 1.44183
0.171848 1.60656
0.419266 1.59298
-0.118441 1.52311
0.576633 1.5703
0.117608 1.55274
0.502639 1.46598
0.451238 1.38984
0.623954 1.5158
0.532033 1.58222
0.388016 1.79092
0.108244 1.65557
0.898387 1.58223
1.19278 1.67454
0.243203 1.49384
1.1529 1.68547
0.701122 1.67209
0.626428 1.57181
-0.086644 1.52543
1.00094 1.47724
0.725011 1.55311
0.665462 1.65261
0.324797 1.54991
0.513097 1.72118
0.191202 1.56906
0.890726 1.55413
0.48225 1.56854
0.964242 1.61124
0.510809 1.59568
0.680408 1.65199
0.625694 1.73034
0.586449 1.70644
0.747309 1.55737
0.572234 1.83716
0.987171 1.69379
0.663718 1.8316
0.446076 1.50819
0.245116 1.5204
0.189108 1.75063
0.826524 1.50537
-0.12147 1.63985
0.476905 1.60794
-0.0180018 1.61801
0.831105 1.5817
0.50872 1.6198
0.473463 1.63723
0.882057 1.49399
0.684737 1.42902
0.683238 1.56617
0.306196 1.45798
0.967141 1.47062
0.537396 1.83624
0.984507 1.6062
0.689266 1.82786
0.818107 1.60682
0.495111 1.59423
0.508528 1.80261
0.878059 1.61796
0.282748 1.72493
1.04664 1.34655
0.0570623 1.7957
0.22421 1.60884
0.0741402 1.60894
0.529713 1.69224
0.384104 1.54433
0.643071 1.7102
0.19118 1.40042
1.18924 1.85252
0.696112 1.8188
0.915965 1.70025
0.908357 1.73448
0.963497 1.6281
