0.268094 1.78323
0.571107 1.43821
1.12203 1.6058
0.152126 1.4916
0.683295 1.51398
1.02407 1.54244
0.293484 1.72076
0.558168 1.80112
0.538232 1.52598
1.07579 1.72377
0.158156 1.60468
0.297968 1.59741
0.925148 1.52154
0.442854 1.46533
-0.0569531 1.46609
0.414942 1.5579
0.68183 1.52524
0.69588 1.66617
0.838647 1.69099
0.165319 1.49999
0.510921 1.51852
0.195614 1.63285
0.251498 1.59657
0.501111 1.51688
0.492578 1.52838
0.245124 1.65233
1.12253 1.56919
0.657618 1.71217
0.968171 1.38669
0.63234 1.73636
0.560635 1.5179
0.883732 1.64293
0.557621 1.4251
0.429875 1.72515
0.951829 1.47694
0.45213 1.6848
0.349499 1.57519
0.810201 1.73251
0.58286 1.55276
1.27487 1.58641
0.246113 1.59478
1.07353 1.47798
0.822572 1.71051
0.527605 1.49063
0.48389 1.66525
0.246943 1.59119
0.619567 1.68268
0.837292 1.80242
0.445331 1.56924
0.292229 1.43983
0.0882694 1.85567
1.0534 1.61971
0.72058 1.70066
0.0362613 1.60047
0.641932 1.62514
0.690669 1.64405
0.467515 1.45588
0.437872 1.55616
0.118508 1.89833
0.631386 1.72516
0.103061 1.43239
1.05863 1.69986
1.1994 1.65874
1.03069 1.79171
0.369502 1.62061
0.0700283 1.64933
0.648577 1.70021
0.804325 1.59237
1.19888 1.71091
0.239225 1.42273
0.622629 1.55599
0.0910594 1.60857
0.338366 1.58685
-0.235379 1.64091
0.600541 1.49281
0.717369 1.63381
0.360488 1.58003
0.685346 1.52589
0.898739 1.48602
0.67042 1.72952
0.853213 1.6194
0.741846 1.82186
0.841945 1.72306
-0.0125051 1.73845
-0.0968358 1.70586
0.859667 1.76229
0.394405 1.60869
0.142625 1.56439
1.04091 1.63572
0.390635 1.65534
0.852615 1.69063
0.222027 1.72153
0.0898113 1.6353
0.569088 1.74519
0.765245 1.72141
1.09451 1.70082
0.4 1.49144
0.514132 1.79463
0.0572343 1.70132
0.855674 1.70272
1.43337 1.80652
0.577068 1.83043
0.197758 1.61496
0.171657 1.55745
0.584885 1.72344
0.626471 1.57489
0.373624 1.64928
0.554667 1.50966
0.455066 1.50655
0.386845 1.78679
0.0939881 1.65227
0.532 1.48637
0.396733 1.74864
-0.139484 1.82087
0.43852 1.71052
1.0728 1.69127
1.16188 1.58945
0.731779 1.65108
1.14401 1.62693
1.17009 1.48777
0.480815 1.73342
-0.0373028 1.59341
0.611023 1.70376
0.890511 1.5594
0.722013 1.70068
0.93123 1.73866
0.628563 1.89238
0.377833 1.45428
0.468872 1.63711
0.867828 1.73341
0.343974 1.56336
0.618025 1.54137
0.729867 1.60954
0.573914 1.72301
0.814047 1.49915
0.323017 1.66204
0.653333 1.57416
0.564871 1.57181
0.231578 1.63391
0.668804 1.47026
0.941746 1.62987
0.635436 1.58628
0.498872 1.54178
0.534617 1.49812
0.374366 1.65762
0.0532425 1.53738
0.518851 1.59796
0.808538 1.75066
0.685117 1.67987
0.39935 1.53464
0.718306 1.56576
0.623751 1.47286
0.136937 1.54447
0.818412 1.57015
0.724589 1.52376
0.918968 1.5051
0.703634 1.59106
0.623155 1.61742
0.460876 1.53783
1.1986 1.49788
0.524537 1.49536
0.875296 1.41749
1.01438 1.47239
0.568827 1.52532
0.0829347 1.70832
0.493112 1.62592
1.07921 1.78115
0.848503 1.40694
0.74449 1.59413
0.561312 1.63825
0.884919 1.56982
0.878444 1.56753
0.74229 1.56099
1.0211 1.49738
0.437339 1.65626
0.938925 1.61265
0.357308 1.69379
1.01572 1.4569
0.654813 1.71867
0.320481 1.60024
1.34394 1.70882
0.319366 1.54783
0.775138 1.84733
0.559319 1.6528
0.4366 1.51014
1.2666 1.84651
0.444183 1.66591
0.581568 1.50006
0.763809 1.76396
0.448147 1.53457
0.495897 1.56233
0.542164 1.4808
0.254209 1.47573
0.508285 1.5528
0.680752 1.53118
0.227024 1.73169
0.18731 1.76437
0.648242 1.72948
-0.07175 1.65815
0.925085 1.57043
0.360965 1.67538
0.0475524 1.6989
0.166801 1.54054
0.691347 1.42365
0.569594 1.71879
1.24757 1.67945
1.1719 1.63176
0.490347 1.78598
0.827233 1.53812
0.00836477 1.61962
0.507083 1.47712
0.621541 1.51419
0.435215 1.69945
0.517143 1.6976
0.607687 1.50123
0.96908 1.74059
0.435505 1.61643
0.447822 1.4936
0.655663 1.59978
0.968037 1.62156
1.31313 1.65429
-0.140738 1.67759
0.458762 1.56254
0.0805332 1.53939
0.529491 1.71626
0.713651 1.69048
0.561652 1.64095
0.610184 1.70369
0.24201 1.63658
0.638644 1.7833
0.565313 1.55758
0.108677 1.59341
0.906903 1.67909
0.381216 1.55713
0.931445 1.55586
-0.0822865 1.77808
0.668831 1.63934
0.0628178 1.51353
0.845239 1.6403
0.143389 1.56222
0.44338 1.4179
1.12233 1.60068
0.71113 1.67844
0.757411 1.61372
0.271093 1.67374
0.107677 1.55715
0.682272 1.63923
1.05143 1.66869
0.375752 1.61295
0.75575 1.86309
1.18391 1.61412
0.692489 1.79256
0.511282 1.64149
0.21027 1.68539
0.336139 1.55888
1.1302 1.63537
0.262116 1.60705
0.713617 1.50044
0.394223 1.69962
0.655365 1.4784
0.205549 1.70512
0.468977 1.47803
0.603542 1.54856
0.955178 1.52944
0.376027 1.67926
0.604249 1.45148
0.491041 1.68732
0.660138 1.62566
0.555286 1.65795
0.93704 1.45184
0.488212 1.49495
0.638675 1.66334
0.505958 1.71112
0.862268 1.48191
0.111892 1.63368
0.130652 1.53929
0.561245 1.75283
-0.240967 1.4664
0.98477 1.39299
0.234346 1.61984
-0.0598723 1.72733
0.759932 1.5643
0.382439 1.69102
0.770212 1.63013
0.55693 1.62555
0.856104 1.62338
0.8723 1.66903
0.887853 1.78309
0.405748 1.71087
0.850718 1.83137
-0.382675 1.66754
0.335697 1.68085
0.77247 1.67044
0.749854 1.65534
0.387565 1.76262
0.565788 1.66006
0.309573 1.65269
0.510748 1.69344
0.67703 1.48505
0.83783 1.68642
0.248741 1.61956
0.587427 1.6159
0.278069 1.60191
0.35002 1.66208
0.863846 1.68625
1.17155 1.57866
0.106766 1.49777
0.75123 1.62256
0.722156 1.48602
0.303538 1.70847
0.472262 1.55115
0.700182 1.5167
0.538877 1.59839
0.111437 1.57301
0.580386 1.62067
0.439186 1.60606
0.532277 1.50789
0.149317 1.58062
0.568668 1.52438
0.469118 1.48065
0.666389 1.64229
0.59135 1.62254
0.919016 1.73299
1.05786 1.50632
0.790321 1.58819
0.164769 1.65152
0.426662 1.51843
0.59737 1.48937
0.323813 1.76665
0.282779 1.66739
0.595924 1.6445
0.691493 1.57993
0.740142 1.53164
1.05149 1.6458
0.315001 1.6096
0.147206 1.80248
0.18183 1.54433
0.588104 1.76147
0.752555 1.52583
0.665454 1.67876
0.823818 1.65596
0.237488 1.64203
0.269741 1.66504
-0.237353 1.40634
0.700886 1.62998
0.734121 1.45641
0.679513 1.55824
0.482531 1.52911
0.199702 1.67368
1.29175 1.63027
0.142024 1.74714
0.262 1.48124
1.01849 1.72108
0.051185 1.70143
0.823662 1.56305
0.583034 1.67896
0.585469 1.55033
0.354624 1.52295
1.34326 1.80274
0.331316 1.6122
0.573826 1.71232
0.608753 1.55878
0.530533 1.59311
0.119648 1.51903
0.489615 1.51985
0.51891 1.68925
0.399217 1.59878
0.206108 1.84614
1.28934 1.69702
0.103121 1.71902
0.581988 1.69642
0.723414 1.63604
0.963973 1.63654
1.00368 1.69936
0.982663 1.68853
0.732906 1.45603
0.685618 1.45693
0.419709 1.53662
0.415413 1.66739
0.0700547 1.54324
1.14381 1.42319
0.0618297 1.60101
0.783251 1.45921
0.0947269 1.78067
0.355939 1.61565
0.371994 1.60588
0.695763 1.56204
1.27793 1.69765
0.42662 1.59351
0.675365 1.61933
0.36447 1.47413
0.78744 1.80083
0.276708 1.4967
0.541096 1.59937
0.941016 1.60173
0.968649 1.70785
0.421741 1.62302
0.473067 1.58483
0.673167 1.51443
0.409188 1.75297
0.361647 1.69066
1.10167 1.56105
0.483169 1.55067
0.438086 1.63197
0.741435 1.49218
0.638215 1.6092
0.709234 1.74333
1.04965 1.6199
0.695342 1.44499
1.13039 1.56705
0.636821 1.42614
0.569529 1.71924
0.563635 1.74822
0.459482 1.52326
0.517657 1.44921
0.824028 1.55702
0.809551 1.44427
0.310951 1.62954
0.763615 1.42533
0.447769 1.50223
0.503032 1.51517
0.590521 1.67387
0.837417 1.73468
0.428453 1.48948
0.286852 1.52538
0.584393 1.43128
0.516447 1.74051
0.841101 1.61317
0.825181 1.56939
0.397025 1.63962
0.475947 1.67194
0.695396 1.621
0.644831 1.57604
0.365719 1.61178
0.768654 1.73559
0.284018 1.91974
0.395458 1.6803
-0.0523669 1.73279
0.830235 1.72887
0.423363 1.43318
0.90357 1.5179
0.977963 1.74648
0.664375 1.69042
0.477815 1.78265
0.391216 1.44099
0.980323 1.5728
0.805855 1.58898
0.54713 1.60045
0.504521 1.56954
0.287958 1.53532
0.692702 1.54279
0.326759 1.4771
0.707374 1.57996
0.737331 1.50943
0.428405 1.48463
0.415354 1.63346
1.22212 1.49914
0.801374 1.7996
0.345873 1.75318
0.209946 1.75348
0.249776 1.54689
1.06946 1.65127
0.937351 1.66916
0.189463 1.64492
0.213459 1.58229
0.990041 1.80185
0.378501 1.7316
0.643987 1.59795
0.466856 1.38329
0.609284 1.62507
0.217031 1.63915
0.802896 1.59428
1.30379 1.62201
1.16536 1.65436
0.718744 1.68372
0.0935018 1.62407
1.06488 1.54646
1.11196 1.61942
0.998838 1.61727
0.939128 1.53594
0.821533 1.69121
0.521896 1.51355
0.778903 1.5753
0.229602 1.76717
0.554488 1.49541
0.0452254 1.72358
1.15913 1.55598
0.166823 1.56651
1.26097 1.59555
0.493614 1.58593
0.460394 1.68096
0.588296 1.59183
1.15419 1.54364
0.468984 1.50461
0.731914 1.62667
0.639045 1.55775
-0.0312164 1.74079
0.510867 1.73037
0.478924 1.59373
0.368838 1.46706
