0.275534 1.17023
-0.0717995 1.60197
-0.0966872 0.934429
0.274679 2.90401
-0.261509 2.13304
0.925806 3.18144
0.264317 2.93407
1.38327 1.64885
0.98061 2.51571
1.16709 1.96898
1.05468 1.16751
0.762103 0.164479
-0.878911 2.60263
-0.126207 2.11044
-0.769357 3.05754
-0.0508482 1.16772
0.147041 1.84483
1.62337 2.20776
-0.491449 3.64774
-0.0470548 3.31803
1.56491 1.18414
0.0450265 1.1039
2.33429 3.04784
-0.796197 3.48815
0.631087 0.721983
1.02887 0.0140922
-0.0848407 2.41119
0.207077 0.00611722
1.20298 3.03581
0.0205237 1.69113
1.87834 1.66627
0.204869 1.08439
-0.384174 2.90478
0.841888 0.778793
1.6357 2.01556
0.803235 2.09238
0.269301 0.476718
0.458294 2.06032
0.269284 0.900837
0.00295637 1.45139
0.410135 2.40021
0.417983 1.80512
0.812206 3.22306
0.150701 0.882252
1.13456 2.81343
1.26202 2.95212
0.464119 1.78173
1.11302 2.5643
-0.525459 1.93648
1.13477 1.94285
0.261873 1.52236
1.81339 3.1018
-0.352646 2.45718
-0.798902 2.64921
0.18957 0.315474
0.774177 0.63833
0.0274925 2.79134
0.0159501 2.31237
0.23296 2.23792
1.77225 3.02116
0.720592 2.04779
-0.500323 1.79586
1.31855 1.50383
0.642469 0.25497
0.471434 2.1157
1.2497 0.66498
0.861007 0.972449
0.90171 1.6572
0.819433 0.670978
0.200652 0.141342
0.169666 2.19333
0.407681 0.110281
0.962189 1.74754
0.233225 1.20578
0.923776 1.0087
-0.43976 1.46954
-0.0570458 0.980695
0.303732 1.96651
0.392624 0.298513
0.547426 2.08842
0.367425 1.18737
-0.391975 3.6934
0.391378 2.23893
0.249876 2.84335
1.19859 1.55902
0.264406 0.265763
1.25746 2.1723
1.07118 1.70089
0.455477 1.27079
-0.0333657 1.8925
1.09235 1.43902
0.591902 2.17702
1.32598 2.00603
0.277626 2.05799
0.846426 1.89709
0.442172 0.732434
1.48592 2.23645
1.27895 0.54031
1.84716 2.82147
0.325315 1.35783
0.219028 0.700719
0.882264 0.0532118
1.1533 0.74316
0.5054 2.21827
1.39845 2.38319
0.20069 0.0922542
0.425125 2.89535
1.4967 2.69089
0.928179 1.998
0.408625 0.0343363
0.68679 1.55263
0.665318 2.92191
0.538315 0.509764
0.459871 0.0603593
0.306621 0.283028
0.191109 0.48649
1.48682 0.837779
1.11272 2.50465
0.778899 2.10095
0.0474489 0.448703
-0.309579 1.92079
1.31466 1.3296
0.034638 0.890129
-0.423133 2.52706
0.489775 2.05752
0.529641 1.13276
1.27364 3.48788
0.319324 1.20583
0.309779 3.7884
0.201839 2.19572
0.562305 2.96502
0.0813642 1.90582
-0.13361 0.251801
1.04498 1.33871
0.460935 3.6533
0.00987193 0.00798952
0.594249 0.639825
0.75865 3.69757
1.03269 1.38616
0.763108 2.14019
0.327811 3.36658
1.05161 2.99157
0.702291 2.53325
-0.137374 3.05458
-0.0579906 2.5726
0.0569952 1.25593
0.119701 1.10103
-0.10318 0.934342
1.51407 4.08848
1.11111 0.323773
0.0756056 0.178931
1.04743 0.868527
0.83557 1.44845
-0.0215164 0.724216
1.02362 0.975537
1.08466 1.58921
0.514205 0.964271
0.551156 2.77124
0.672397 0.661146
0.659857 3.32291
-0.131247 1.21569
0.749087 2.12007
1.07016 0.723977
0.783696 1.56864
1.44798 2.91916
-0.951802 2.90928
-0.131853 1.69744
1.91525 1.83059
1.56026 2.52828
0.516303 2.32029
0.141572 0.940577
0.901099 0.861222
1.21217 0.572392
0.491845 0.656109
0.333887 2.7719
0.391432 2.81654
-0.494893 1.83302
-0.350856 3.02745
-0.223657 2.65565
0.266462 1.91069
1.10379 2.41291
0.47336 0.376154
0.634437 0.462063
0.148815 2.48935
1.46831 2.116
0.0833354 3.54392
0.249375 2.30149
0.393557 1.68682
0.884609 0.322115
1.29722 2.04135
0.773618 0.390335
-0.843731 2.52689
0.194907 2.92602
0.137234 0.66225
1.52229 3.31184
0.917157 1.8588
1.56092 2.4023
0.433825 0.244916
0.772964 0.951723
-0.0590799 2.14563
0.406062 3.78182
-0.0740429 0.783899
0.67251 0.360901
0.0565969 0.744128
0.100216 1.9134
1.22768 3.17317
0.0802391 3.62227
0.228975 1.70996
1.24305 3.41483
0.906357 0.394212
-0.284454 3.13206
0.47626 1.41074
0.135214 1.31024
0.21702 1.39126
-0.858386 3.40334
0.436694 3.94261
1.5476 2.08628
-0.181373 2.39376
0.972594 2.43468
1.28971 0.673004
1.12379 0.380826
0.287605 0.244977
0.486579 1.57806
1.21805 2.57887
1.15099 0.275052
0.776066 1.36333
-0.0585416 2.90068
1.53897 1.79349
1.28004 2.7658
0.579316 2.25559
-0.0681445 2.03751
0.47596 0.52953
1.11512 1.41847
0.260043 2.58057
1.10444 1.6137
-0.155332 2.9785
0.792323 2.1589
0.469885 0.995423
-0.0212975 2.95806
0.932398 1.06993
0.77223 1.02647
1.22742 3.71988
0.439385 3.2489
1.40089 1.596
-2.00472 4.21837
0.491262 3.14829
1.04129 0.343693
-0.174579 1.48862
0.527377 3.62509
0.864813 1.62087
0.725707 2.68932
1.78533 1.77805
0.546515 1.41916
-0.0847069 2.2535
0.581007 0.904399
-0.224103 1.17215
0.982387 2.28191
1.92257 1.75624
-0.324104 2.22655
-0.221681 1.66342
1.11917 1.01172
0.098786 1.06384
-0.0438037 2.04827
1.29756 1.78532
-0.397276 3.01178
-0.187698 0.924303
0.911925 1.72977
2.11408 2.06597
0.3378 3.15744
0.700878 0.906245
0.658702 2.73619
1.89713 1.79558
0.486475 3.08585
0.173158 3.81343
0.675242 1.41753
0.000882771 2.60633
0.623906 2.5067
0.832084 0.764829
0.337604 3.21184
0.577812 2.58836
-0.0251261 3.9299
0.264635 1.43013
1.21149 0.825292
0.845003 1.16211
0.425448 0.526806
0.312242 2.16136
0.459769 1.89962
0.638559 1.8128
1.8019 2.01301
-0.341277 2.35444
1.19041 0.240253
0.691225 2.91945
0.347712 0.471942
1.20207 2.37305
1.18368 1.61293
-1.38962 3.4526
1.4091 0.962969
-0.318935 1.94196
0.868186 0.884765
-0.392691 2.89425
0.0812671 1.10257
0.341945 2.89015
0.132928 1.8317
-0.435365 2.65631
2.14843 2.99429
0.158758 3.83059
0.876107 3.53584
-0.00761256 0.596958
-0.0714577 0.317417
-0.949872 3.93473
1.26957 0.464224
-0.0150274 2.95487
0.343958 0.92549
1.14226 2.61786
0.763191 1.05487
0.498511 2.78108
-0.447289 1.97635
1.05972 1.91265
0.425584 2.06607
1.4592 2.98714
0.590885 3.13362
-0.23968 2.42507
-0.241709 2.8274
0.0770788 1.96241
0.369203 0.139069
1.42176 0.583421
0.895325 0.68884
-0.348102 0.831737
1.21896 1.69025
-0.229483 2.11179
0.619397 0.366018
0.223023 0.924714
0.388319 1.10554
0.52678 0.595621
0.744067 1.27563
1.50251 2.71512
0.415626 2.29067
0.453354 2.99984
0.176201 1.59308
-0.0308475 0.407221
-0.155929 1.21697
1.27235 2.85326
0.398615 2.59788
1.24564 3.64665
1.18153 3.28274
1.06824 2.34971
0.597175 0.917759
-0.587862 1.69492
0.0864752 0.692739
0.457255 3.59964
1.10993 0.814603
0.929906 1.47211
-0.0615421 3.55371
1.12748 1.25064
0.170283 2.85073
1.07993 2.46771
-0.0216019 0.946291
0.669535 4.01937
1.74289 1.82354
0.124339 1.3963
0.0246346 0.844058
0.168462 1.97283
0.644721 2.6988
0.036367 0.432684
0.337555 1.10977
1.47659 2.96236
1.83211 2.5834
0.604764 2.57154
0.390795 1.76505
1.92088 2.73784
0.914731 3.23066
1.359 1.83745
0.943569 1.31134
0.513026 1.42966
0.961611 3.12723
0.217789 2.05178
1.10203 2.95538
1.81956 3.31462
0.742456 0.921352
0.0518106 1.90926
0.0170516 0.666682
0.440066 2.31072
2.01774 3.18146
0.602842 2.18974
0.798052 1.35219
0.711401 2.14627
1.51106 1.66092
1.05253 3.27139
-0.829892 2.16426
-0.508254 2.54061
0.665706 1.69602
0.0897917 1.20105
0.633278 1.39672
0.446963 1.15968
0.764698 1.15244
0.36027 1.04523
-0.00303897 1.92256
0.463508 0.404714
-0.332683 1.31456
0.636666 3.90243
1.13435 1.117
0.912885 2.24354
0.0188577 0.888526
0.767675 2.34294
-0.771045 3.58271
-0.69366 2.60336
-0.0214314 3.3408
0.612685 1.29891
-0.40364 2.89426
0.334526 0.932429
0.865188 2.34984
0.042663 0.950072
0.479215 0.882008
0.220807 0.695549
0.510633 0.845831
1.07153 2.20972
0.905912 0.537381
1.6138 3.48321
-0.651864 3.08635
-0.025413 3.59039
0.874501 0.778895
0.78712 1.22272
1.1152 0.553697
0.446991 0.00970627
0.721974 0.330128
0.222864 1.73952
-0.10416 1.41546
0.320796 0.112115
1.28389 1.27469
1.46162 2.37542
-0.204366 2.01913
0.68844 2.49339
1.11378 0.0425302
0.167113 1.66465
0.64101 0.875992
0.847829 2.56327
1.70919 3.33575
-0.108481 1.84523
-0.296738 1.40897
0.084025 1.8393
0.962497 2.7747
0.29173 1.61641
1.15759 0.217918
1.09759 0.127264
0.0888951 2.3839
-0.238855 0.83532
1.1145 1.89282
0.630331 0.646383
0.572837 3.08105
0.918227 1.05418
2.08344 2.05871
-0.457956 2.41086
0.833614 1.73509
0.0459826 1.56382
1.17274 2.93232
1.91685 2.9134
0.526186 0.506611
1.29696 0.686462
-0.0336646 2.09139
0.369464 3.20632
0.101063 2.87322
1.46258 3.1959
-0.017594 1.21915
0.437012 1.75435
0.348059 2.23173
0.294058 0.854361
0.111895 1.38459
0.48498 2.85174
1.32322 2.06091
0.842322 1.90725
1.09461 2.53113
0.620006 1.60138
0.099899 2.85952
0.117691 0.311743
1.14695 1.6465
0.802534 0.318718
0.270741 2.82019
1.18606 3.33802
0.598336 1.89047
-0.188039 1.05643
1.38334 2.80867
-0.0533945 0.559115
-0.707006 1.45331
1.02209 1.69781
0.226036 0.348159
0.984027 0.207022
0.0951871 1.97554
1.22768 0.384909
0.386605 2.0605
0.0443852 0.249322
0.313411 1.75569
0.405179 1.3888
1.08779 3.05683
0.298174 0.330911
0.232401 1.84858
0.81891 3.42181
0.54129 2.20417
1.08342 3.27852
0.88881 1.26737
0.964398 2.23481
